19 49

1 5
6 3
15 5
13 3
7 14
7 3
9 4
12 8
13 8
13 18
13 4
16 3
2 3
9 17
11 10
19 8
6 18
1 10
15 8
7 17
15 4
2 10
13 5
1 14
9 14
9 3
11 4
16 10
15 14
11 5
9 8
12 10
15 17
1 18
13 17
6 17
19 18
13 10
16 14
16 17
7 4
2 5
19 17
9 5
7 8
11 17
16 18
11 3
7 5

20 50

4 14
16 19
12 1
6 20
15 8
4 11
15 2
4 8
12 2
3 8
10 20
16 18
12 11
9 20
16 14
13 2
5 11
9 11
9 1
16 8
10 2
17 8
7 8
15 14
4 2
13 20
7 20
4 19
3 20
3 11
10 18
13 11
3 1
5 20
9 14
6 14
3 18
6 8
15 20
7 2
15 1
7 19
12 18
7 18
6 1
15 18
5 18
6 2
16 1
10 8

19 48

6 2
6 17
4 14
9 17
11 1
7 17
14 7
9 6
1 17
14 8
9 5
3 13
9 18
4 17
10 17
17 4
4 1
10 12
16 11
2 17
15 18
14 3
14 17
17 10
15 3
9 13
13 15
17 11
8 4
19 4
19 2
7 8
5 6
14 10
4 19
8 12
6 15
12 4
16 9
9 15
15 10
10 15
17 2
4 2
4 16
14 18
15 13
10 4

19 47

3 18
8 15
17 8
19 6
11 14
2 12
18 3
18 16
3 10
19 10
15 19
1 3
11 8
5 9
1 11
13 6
5 16
16 8
11 1
11 4
1 14
4 11
5 19
7 15
5 11
7 19
10 18
18 10
10 5
12 9
6 5
11 2
8 4
6 10
8 19
16 13
16 18
2 10
4 16
2 17
7 16
2 19
17 13
5 3
13 5
2 1
5 14

19 46

6 9
18 12
19 4
14 3
6 3
18 9
14 5
15 12
15 5
6 13
19 9
15 13
19 13
14 13
8 11
18 13
19 12
8 4
14 2
15 1
18 4
19 5
19 16
15 17
8 13
14 1
14 11
8 16
6 4
15 11
19 2
8 10
14 4
18 7
19 17
15 10
8 12
8 3
6 2
18 5
14 16
15 4
6 1
15 7
18 16
6 17

20 47

16 17
2 18
6 9
13 16
1 9
7 3
11 15
1 8
8 7
19 10
4 18
19 2
17 5
12 17
13 17
14 9
7 18
2 12
20 15
7 12
7 2
19 17
4 6
14 11
9 15
8 6
15 11
20 10
9 13
3 4
4 3
18 2
7 9
11 19
3 11
3 7
2 5
17 7
9 2
4 16
9 8
2 19
17 2
20 6
10 3
20 18
18 17

19 47

12 19
2 7
3 6
1 17
2 14
9 18
4 15
15 16
7 19
17 16
6 7
11 17
9 19
16 17
6 12
1 5
15 18
13 4
18 11
4 3
10 16
8 5
15 9
9 5
16 15
18 7
5 10
1 15
15 14
5 17
14 8
13 15
7 1
14 6
4 8
3 5
1 10
13 5
15 4
7 15
6 16
16 11
12 13
6 2
2 8
13 18
18 13

20 48

15 10
9 12
5 20
7 3
19 14
9 11
11 17
7 19
16 13
15 2
12 1
9 19
11 2
7 15
10 5
9 15
8 11
18 1
16 7
11 19
17 4
14 3
2 20
12 16
4 19
16 10
11 18
19 2
19 11
18 20
20 12
20 13
4 6
13 4
11 13
13 17
4 5
6 7
1 3
15 20
7 8
1 5
2 17
17 7
4 1
15 3
10 6
12 9

19 48

2 17
6 18
5 15
12 15
14 9
2 13
3 11
16 15
1 15
12 11
4 15
12 17
10 9
16 19
4 9
10 17
4 19
5 18
10 8
10 19
4 11
2 19
16 9
1 7
3 9
12 9
4 7
6 17
12 18
6 15
3 7
2 9
2 15
6 11
2 8
10 11
5 9
5 7
1 9
3 18
1 8
1 18
10 18
4 8
14 13
10 15
1 17
10 7

20 46

3 4
17 15
10 6
18 15
3 20
7 13
3 8
17 8
7 20
7 9
12 11
10 16
10 15
10 14
19 4
7 8
12 6
3 15
12 2
12 20
19 13
18 13
12 13
18 5
10 5
18 9
10 8
3 13
3 16
3 2
10 13
17 1
12 16
3 14
19 16
19 1
7 16
7 14
19 5
3 1
3 6
19 20
10 9
18 16
18 14
17 6

0 0

