28 99

26 28
26 20
10 11
12 21
1 28
22 23
1 8
12 11
22 21
26 7
10 16
19 6
26 11
18 11
26 14
26 27
1 15
22 17
18 27
10 14
12 2
22 27
12 20
19 2
19 3
10 2
12 3
26 6
26 4
12 4
10 20
19 7
1 7
12 7
18 28
19 21
1 3
12 23
18 16
19 9
18 8
18 3
18 17
10 4
26 23
12 25
22 20
19 5
1 13
1 17
10 21
19 25
1 4
18 6
18 4
10 28
1 20
12 6
1 9
18 20
26 3
19 16
10 17
22 11
26 16
18 25
18 5
18 15
26 24
10 27
22 9
26 15
26 8
12 5
10 15
18 14
18 23
22 5
12 28
1 14
1 23
22 2
19 14
26 2
12 13
12 16
19 23
18 9
19 15
10 9
22 15
12 9
26 21
19 17
22 7
22 4
26 13
19 24
1 5

29 99

22 3
24 19
29 20
14 21
8 10
11 15
25 15
8 7
12 20
17 10
27 21
17 18
29 19
16 18
28 19
5 21
5 10
6 19
4 18
29 18
8 3
17 15
24 18
24 21
29 10
9 10
16 10
14 20
13 19
6 1
23 1
14 10
27 18
16 1
28 21
4 21
26 3
12 15
9 20
29 7
12 3
24 7
2 3
28 18
24 3
4 10
12 7
8 15
9 15
25 1
5 1
29 1
17 1
29 3
6 10
24 20
12 18
4 15
27 20
28 10
4 19
26 19
22 19
8 20
5 15
6 7
11 10
27 3
22 1
16 19
22 21
6 20
22 10
25 3
13 1
25 10
28 7
29 15
6 18
23 15
2 1
27 19
9 21
13 7
12 21
2 18
23 19
23 3
12 19
14 3
14 15
8 1
24 1
16 7
8 19
23 21
5 19
27 10
26 21

29 98

15 22
5 14
25 29
12 7
25 6
8 16
13 22
26 22
25 28
3 14
26 29
19 18
12 9
10 29
24 6
19 1
5 16
3 29
25 18
19 22
24 22
8 1
25 14
4 18
15 14
20 22
21 7
13 18
5 1
23 29
13 7
2 22
26 16
10 16
20 6
26 7
21 29
4 6
23 22
5 22
3 22
15 1
23 18
23 6
12 22
13 29
8 18
11 9
21 22
3 16
8 14
25 22
15 16
19 14
27 14
8 29
24 9
21 6
13 16
11 7
24 29
26 28
26 18
8 7
2 29
24 28
24 16
26 14
17 6
11 6
11 18
10 28
25 1
24 14
27 1
17 29
12 18
5 29
17 14
26 6
2 7
20 29
8 28
24 1
10 22
15 6
19 6
27 6
10 14
5 6
10 1
3 6
2 28
17 28
11 22
19 28
23 7
5 7

30 95

23 16
20 30
21 30
3 12
3 30
20 15
28 15
19 25
28 4
27 15
10 4
27 6
21 12
7 22
28 22
21 16
19 6
23 6
19 12
3 15
3 6
5 4
21 4
26 25
23 4
26 11
21 2
1 16
1 6
7 6
23 12
3 25
24 22
23 2
24 17
3 17
5 22
14 4
26 17
29 30
24 25
21 11
10 15
7 4
24 15
23 25
19 13
3 4
3 13
24 4
5 15
1 13
20 25
21 22
27 13
8 2
9 15
19 16
3 18
27 22
27 12
29 15
28 12
7 11
29 18
3 2
8 30
26 16
23 13
26 4
19 18
8 11
9 16
29 16
7 30
1 12
14 6
28 17
20 22
19 22
24 30
28 25
27 2
8 13
9 6
5 2
20 4
26 12
10 12
9 12
7 2
26 2
1 18
29 22
7 16

29 91

26 18
28 9
22 9
8 21
16 7
23 29
17 29
24 18
15 18
1 25
8 25
27 6
27 19
15 11
20 3
22 3
26 7
22 7
26 21
10 25
2 9
12 9
26 9
15 7
28 7
20 6
14 21
20 7
23 9
17 21
4 9
13 29
4 6
16 11
14 6
4 18
22 29
16 21
16 3
23 18
14 7
23 25
4 11
2 11
13 9
14 3
5 29
8 29
17 19
27 9
12 7
8 6
17 11
12 29
16 19
20 25
1 7
26 6
10 6
5 9
10 21
22 11
13 21
5 21
20 18
14 11
22 21
22 6
10 18
15 6
28 6
24 25
8 11
15 21
8 7
10 9
14 19
1 3
12 25
5 6
24 7
13 7
24 19
28 11
28 21
27 11
8 9
20 21
23 7
1 29
24 21

28 98

5 2
15 6
5 4
4 1
3 2
1 2
1 8
28 12
18 20
19 21
23 1
10 28
6 15
19 8
18 12
4 14
27 22
7 11
14 2
19 20
21 22
21 1
13 27
27 11
6 18
15 12
5 23
25 28
16 8
10 25
8 23
13 24
2 22
5 13
28 5
1 28
8 28
21 7
14 1
28 13
2 27
19 26
18 25
13 10
28 16
4 21
19 16
22 8
26 5
25 17
11 19
27 16
1 25
14 12
5 8
8 15
21 14
23 13
10 9
3 11
26 16
9 24
5 19
7 21
28 18
28 21
16 3
18 11
20 28
13 20
28 20
18 17
28 26
1 15
25 1
26 6
8 10
15 24
10 4
5 22
8 5
19 27
19 24
1 19
6 3
18 14
3 19
24 28
2 15
17 5
11 3
7 13
14 24
22 23
22 13
24 16
17 2
4 25

29 95

18 4
22 16
26 29
27 19
5 8
20 27
9 15
4 23
21 5
7 29
20 24
22 7
9 29
18 17
10 4
25 11
4 3
20 3
29 13
19 1
29 26
14 29
22 14
19 8
7 15
24 18
29 5
21 1
6 9
24 28
4 19
2 4
5 17
12 6
18 6
15 25
5 28
6 26
23 13
17 22
27 25
15 13
2 11
15 8
2 15
10 20
28 15
4 9
19 18
1 16
26 17
9 11
18 11
20 16
24 21
17 5
8 5
4 29
7 11
28 4
22 20
24 3
17 29
17 18
19 26
6 28
7 26
20 21
9 5
27 4
1 25
27 12
20 7
28 24
5 10
8 29
7 23
4 28
18 22
14 7
1 10
7 3
29 15
10 22
14 24
16 23
27 15
22 29
1 26
7 13
20 12
16 17
25 9
12 23
20 11

30 95

9 21
10 27
12 27
9 5
24 8
17 27
23 4
24 29
28 5
22 8
28 11
9 8
7 1
24 5
23 27
24 15
6 16
6 15
26 21
24 11
23 1
10 2
18 2
19 5
10 4
17 4
12 4
3 29
30 2
30 27
24 4
22 27
25 1
26 5
30 5
23 29
13 14
23 11
30 29
9 16
18 4
12 21
3 5
6 27
23 2
10 5
3 11
18 15
13 16
20 11
23 16
3 14
22 1
7 2
23 15
30 15
18 8
22 2
13 8
26 1
23 5
24 14
3 16
25 4
13 21
25 8
30 4
19 21
12 5
22 5
12 16
26 16
20 27
19 14
20 5
3 8
6 5
22 29
7 11
26 2
7 5
13 11
30 14
20 14
18 16
19 16
6 11
13 4
9 27
7 27
19 15
17 14
17 21
30 21
12 2

28 94

16 14
24 18
11 12
23 14
28 7
28 24
10 23
9 24
25 27
19 24
2 14
5 4
5 14
15 2
13 14
25 11
4 11
1 12
18 26
7 23
6 10
7 10
2 26
26 7
14 16
26 21
9 18
18 22
20 10
21 14
17 23
25 6
27 22
12 26
21 6
14 21
15 3
6 12
10 14
4 3
21 11
23 5
14 25
1 8
2 19
19 5
23 1
8 9
1 18
25 21
11 25
2 5
17 24
9 23
6 26
17 14
10 19
1 5
23 16
10 3
15 14
27 26
28 26
16 19
27 15
18 14
14 13
5 2
5 9
16 6
21 8
27 20
5 8
17 10
24 13
6 9
27 16
14 7
9 20
27 28
15 27
10 25
6 5
14 1
20 14
25 19
20 17
22 24
2 16
17 7
8 1
26 11
17 26
6 28

28 92

12 5
7 16
14 5
21 18
4 8
28 16
9 27
26 22
24 18
28 5
17 22
9 23
17 5
4 18
17 2
13 19
21 6
11 22
24 19
11 6
26 8
17 23
20 2
14 19
1 16
15 27
25 6
1 22
21 5
4 5
24 5
17 27
3 2
7 5
12 27
3 6
21 23
14 16
9 19
14 8
26 5
9 8
21 8
10 2
1 19
4 27
12 2
12 8
12 22
24 2
15 5
11 5
3 16
14 2
1 27
20 22
7 2
20 23
10 5
20 8
26 18
17 19
12 16
25 5
26 16
7 19
26 2
11 16
26 19
4 22
10 22
3 5
20 5
24 6
3 27
15 19
15 23
1 18
3 18
25 27
10 23
25 8
28 19
15 22
25 23
4 19
11 27
11 18
11 23
13 6
7 18
11 8

28 93

10 16
9 13
24 9
19 7
8 7
16 14
2 17
21 9
9 18
25 4
13 15
23 25
1 14
10 11
15 25
7 24
28 7
4 11
10 5
8 3
3 12
22 20
20 15
27 23
4 13
11 14
7 19
26 7
4 5
3 5
23 6
25 20
24 21
21 15
14 4
21 11
22 10
11 4
24 10
27 18
3 28
22 6
19 1
10 13
12 21
12 18
8 20
7 5
8 10
19 28
9 12
23 13
22 12
3 20
2 1
16 8
15 18
6 12
2 3
9 1
7 27
28 1
18 23
24 14
15 21
2 23
28 6
25 6
16 27
1 28
24 16
23 27
24 17
20 21
28 13
5 13
21 24
10 2
6 20
12 19
13 26
11 15
28 16
20 24
6 7
7 20
16 3
23 14
5 2
16 5
5 19
20 22
1 8

28 99

17 10
1 19
11 2
24 4
8 9
5 27
18 9
15 9
15 16
17 7
21 2
11 27
15 19
12 23
26 23
8 2
25 4
15 7
8 7
26 13
20 14
25 27
18 7
20 4
12 27
28 7
8 19
28 2
17 14
20 2
17 16
22 16
24 7
1 3
5 23
18 19
1 2
24 6
11 7
12 9
1 9
26 16
18 6
12 14
1 10
1 7
22 6
20 9
20 10
18 23
28 27
11 16
8 27
20 16
24 23
5 4
20 6
25 23
12 2
25 3
24 13
18 4
12 13
21 13
21 14
5 3
25 16
21 27
28 10
18 14
28 16
21 19
22 2
28 9
15 10
17 23
5 14
22 19
25 9
22 23
8 16
26 6
24 9
21 9
24 16
8 14
1 27
17 6
5 7
15 13
18 27
28 6
8 4
22 7
22 3
22 9
12 16
11 9
1 16

29 97

4 8
24 3
12 6
12 14
26 7
20 11
17 13
18 15
29 20
18 14
8 24
7 3
24 15
25 22
19 24
15 4
6 20
27 8
16 21
16 19
27 11
8 9
28 23
13 4
11 27
20 2
22 12
3 27
11 14
27 21
22 19
21 9
9 26
19 23
16 7
7 17
29 2
23 2
3 1
5 22
6 5
23 24
27 12
1 24
13 8
27 28
24 27
28 21
1 20
9 24
10 14
13 24
6 14
2 17
17 2
22 21
8 13
1 29
21 11
23 26
2 24
21 5
19 29
3 9
14 19
24 7
24 4
16 6
26 29
28 2
2 21
9 12
28 6
22 6
29 9
19 9
10 9
9 5
14 27
20 28
5 19
8 28
6 21
10 18
16 20
26 4
12 23
14 24
29 19
17 1
29 27
25 4
13 11
25 28
5 6
4 25
25 27

30 97

9 25
11 2
9 10
28 7
28 15
28 24
11 8
19 13
11 22
12 17
9 27
20 30
12 13
9 29
20 22
12 8
28 8
19 29
12 21
4 24
12 16
12 2
11 6
20 7
4 13
28 17
20 18
28 29
19 2
28 30
19 1
11 21
11 15
11 23
28 26
12 14
11 14
12 24
19 18
11 29
19 6
19 25
12 6
12 5
20 24
9 7
20 26
28 22
3 30
4 29
19 16
9 17
9 13
20 21
9 26
19 21
20 13
3 15
4 22
4 26
12 22
9 23
9 16
20 15
28 16
20 27
12 18
19 24
3 25
20 10
3 24
20 17
28 25
9 1
12 1
9 18
4 10
4 14
12 10
3 8
19 17
3 21
20 16
20 8
19 15
28 13
12 27
4 17
28 1
20 25
28 2
4 5
3 10
3 13
11 26
3 26
3 18

30 96

15 29
28 16
1 29
30 3
10 19
7 22
11 8
1 27
17 9
15 2
14 22
13 2
20 16
1 3
4 22
4 29
1 5
17 3
11 2
4 5
14 3
30 26
20 9
17 22
7 29
7 21
20 19
1 6
7 5
7 6
13 6
4 18
14 5
1 25
30 29
14 26
28 21
4 8
11 18
14 19
11 29
13 27
13 23
28 2
10 21
7 27
4 26
20 18
17 24
14 23
11 24
10 26
10 25
10 8
28 3
28 22
15 6
7 19
28 27
7 2
1 23
17 21
13 12
30 2
17 19
14 27
11 25
28 9
10 24
15 26
10 29
10 3
15 16
17 8
1 21
11 27
14 9
28 24
17 2
15 25
13 18
20 2
13 26
4 25
28 8
20 29
13 24
17 23
11 26
7 8
17 5
20 12
28 29
20 3
7 23
30 24

30 93

27 3
18 24
16 21
22 29
6 19
20 19
28 25
30 1
7 3
14 7
28 19
6 1
22 1
14 25
15 4
26 6
26 5
20 12
5 21
30 27
19 9
22 9
3 6
9 16
29 20
22 30
28 26
30 19
26 21
4 10
1 9
22 20
21 30
11 30
3 28
22 8
18 9
12 5
24 30
29 6
13 24
5 26
15 25
26 4
28 8
18 28
7 16
16 7
3 1
11 22
28 29
20 13
8 5
3 22
4 17
26 11
21 25
17 25
16 28
20 11
5 7
17 24
17 29
13 6
28 14
4 22
10 15
12 21
6 24
17 14
12 18
19 13
20 29
14 8
7 14
5 9
23 28
17 12
24 11
3 13
8 21
23 29
6 18
20 25
17 13
22 6
28 2
27 16
23 8
2 4
8 28
5 15
26 14

30 91

3 8
15 22
29 7
16 8
25 27
8 20
24 6
27 20
27 25
18 29
4 28
29 19
27 11
16 22
23 3
18 2
29 9
15 3
15 16
29 2
6 4
8 15
14 16
20 18
12 22
5 30
7 30
22 9
21 12
1 20
13 18
8 26
4 8
1 24
23 29
26 28
15 13
28 12
19 30
11 2
27 30
6 30
27 6
6 24
25 22
5 11
13 5
10 16
25 12
29 3
12 30
17 15
25 5
4 27
20 2
22 15
11 29
23 20
16 9
30 19
3 4
25 11
30 4
11 4
13 23
19 20
23 10
17 1
19 4
9 18
15 8
8 21
5 7
12 10
8 11
5 23
23 14
1 25
5 12
24 3
10 1
26 21
4 15
6 8
23 22
30 7
27 12
25 10
2 1
25 1
25 19

28 96

9 23
2 20
24 20
9 1
6 17
10 3
10 17
5 21
7 8
28 18
7 1
7 17
28 27
6 22
13 20
7 23
15 23
15 8
10 12
7 18
24 23
6 4
19 22
13 16
11 16
9 4
19 1
5 4
15 17
25 1
28 8
9 18
24 17
13 4
10 16
7 16
14 26
19 17
15 27
7 12
10 18
9 27
24 4
10 8
25 3
25 23
5 18
10 21
9 26
11 3
25 8
9 8
28 17
25 12
15 20
9 3
19 3
2 23
5 17
13 12
15 4
24 12
19 20
5 3
2 21
19 18
5 23
6 8
9 20
9 16
24 1
11 1
7 22
25 4
7 3
11 20
11 26
19 23
14 23
9 22
15 26
5 8
24 27
11 18
15 22
11 22
24 3
14 21
14 22
15 12
2 18
2 4
28 23
9 17
25 17
14 8

30 96

22 18
20 13
11 2
12 28
9 2
24 1
26 30
16 17
10 1
16 23
9 6
15 1
9 30
15 30
12 8
20 6
25 2
21 13
19 4
15 13
19 28
22 28
7 17
29 17
16 4
26 3
16 3
5 14
20 23
27 8
11 28
20 18
10 23
12 13
5 6
21 8
16 1
10 17
9 3
11 30
11 4
27 1
26 14
7 28
29 18
20 8
10 13
19 23
12 18
21 6
7 14
22 8
11 18
27 4
12 1
29 28
7 2
5 4
16 2
5 8
21 2
16 6
20 3
19 1
15 14
27 23
24 30
9 8
29 1
7 4
12 4
24 17
25 3
26 13
10 6
9 13
10 3
5 17
21 1
25 14
24 6
12 3
7 18
26 1
25 13
25 28
7 1
10 14
24 2
27 28
10 30
15 2
21 4
25 17
24 8
7 3

28 91

17 27
6 21
10 28
12 13
1 26
2 17
9 27
20 27
11 28
6 25
4 2
28 14
22 10
6 8
14 18
25 14
25 12
17 24
18 21
10 9
18 23
15 8
5 4
12 20
28 5
23 11
4 19
24 28
4 8
25 8
11 19
10 21
17 12
26 18
15 6
1 12
10 14
12 28
10 3
12 6
7 10
23 20
1 23
25 9
15 21
6 19
15 16
14 5
9 12
15 12
14 27
17 19
2 10
3 28
9 17
11 18
22 7
17 11
5 15
25 20
16 28
19 25
1 15
4 10
19 14
28 15
9 1
13 10
14 3
24 10
17 26
9 24
10 20
21 19
25 6
3 21
24 1
8 2
20 18
4 3
11 17
19 22
8 21
26 11
8 1
27 13
12 19
4 24
11 1
9 18
3 19

0 0

