50 98

49 44
24 8
5 48
35 25
16 36
15 32
27 10
20 42
5 36
15 50
20 8
41 3
27 48
20 14
27 2
15 36
16 39
27 37
29 36
20 6
49 46
16 1
13 50
5 25
11 43
7 36
7 14
24 3
41 14
22 18
23 18
29 47
41 38
49 40
20 46
23 8
41 46
41 31
49 6
35 47
12 26
12 48
24 47
41 8
23 33
49 1
28 34
24 33
35 3
27 38
49 26
12 30
28 18
22 30
19 50
29 32
24 9
49 50
29 45
23 47
27 4
11 46
12 42
20 45
15 8
41 26
28 40
23 14
41 17
23 6
41 25
35 10
29 37
13 6
35 31
29 42
29 14
23 39
27 40
11 31
20 17
11 50
35 4
49 37
11 21
11 14
15 44
16 44
12 44
41 45
41 34
16 48
13 44
24 32
23 9
41 47
49 9
49 47

50 91

7 33
3 26
24 4
35 30
37 21
34 36
28 42
26 29
4 18
8 28
5 23
30 28
13 5
28 15
26 3
27 39
29 5
49 30
39 16
22 17
27 33
11 26
37 10
11 2
5 19
28 29
48 27
7 6
15 44
17 23
30 13
38 6
35 29
14 5
38 26
31 43
23 17
26 32
10 36
12 9
3 14
21 29
38 24
18 1
48 10
18 3
36 3
38 22
21 3
39 11
26 42
32 7
50 14
28 38
10 22
26 43
10 3
41 29
28 23
12 1
50 15
11 13
31 1
9 50
24 34
21 30
14 43
25 8
9 30
3 27
36 8
11 38
3 13
34 49
50 11
7 16
9 10
45 30
12 29
37 45
12 40
8 50
49 12
16 46
34 3
45 11
42 31
37 20
39 21
49 1
13 50

50 93

38 26
11 20
4 17
1 30
23 27
15 30
42 32
35 22
5 14
34 22
15 31
10 17
43 44
21 14
11 45
19 24
2 22
1 45
35 26
28 30
38 32
4 44
3 24
11 17
5 27
35 25
36 27
43 14
3 48
36 40
39 48
21 24
5 44
1 22
9 29
37 8
36 47
43 12
11 12
39 32
23 25
36 45
18 17
13 8
35 14
42 30
2 30
38 27
1 27
34 30
19 17
35 6
37 40
23 26
50 12
23 31
34 26
23 32
9 25
2 25
28 6
23 45
5 45
15 26
41 27
15 6
15 29
10 6
38 44
50 47
18 47
23 22
43 33
23 44
18 14
5 48
34 29
21 12
43 49
28 20
41 32
28 29
19 44
19 49
19 32
41 24
41 45
18 40
35 30
43 48
13 25
10 22
46 45

49 94

18 20
47 46
41 46
36 8
18 15
44 21
41 15
11 19
13 1
29 1
4 34
24 42
30 22
13 15
23 7
47 17
36 48
41 40
38 42
24 37
23 8
4 8
23 22
32 10
29 20
27 37
11 6
47 15
43 5
30 34
38 34
36 37
45 1
39 22
31 20
29 9
11 10
14 48
38 1
14 49
25 49
39 19
4 42
11 49
18 10
30 49
30 46
31 40
45 21
25 21
33 42
41 10
36 46
29 34
29 49
12 46
18 48
35 46
23 42
25 6
18 49
31 7
25 5
43 42
45 22
38 40
43 10
27 15
18 5
13 34
35 42
12 48
35 1
13 46
14 7
47 42
24 17
18 9
29 19
27 9
3 21
3 1
27 22
12 22
18 6
4 20
26 34
26 1
45 42
35 40
14 15
4 9
35 8
41 17

47 91

2 6
14 42
9 23
15 32
34 38
34 11
24 35
12 25
41 44
42 25
17 31
12 32
45 1
22 32
31 38
12 24
47 33
25 47
5 17
12 20
21 40
26 3
25 44
35 6
7 24
46 32
23 8
29 34
4 25
47 6
46 30
28 20
7 13
9 31
39 46
15 9
46 26
45 42
26 5
7 20
11 26
1 45
1 29
24 15
31 13
30 18
3 19
31 45
42 2
12 4
30 45
4 29
9 41
33 17
23 28
42 4
28 9
13 18
28 19
18 28
28 14
37 5
36 5
1 25
21 39
46 6
44 21
8 21
12 35
40 31
25 3
6 32
28 12
8 19
32 3
23 36
35 27
13 1
21 26
14 6
21 29
35 36
22 21
18 1
6 19
45 46
41 32
5 30
1 26
24 16
42 38

48 99

20 14
33 16
46 14
16 30
44 9
4 20
21 12
36 45
5 1
37 10
44 35
41 22
11 8
29 4
20 31
3 44
42 7
44 27
32 33
26 29
2 30
36 6
31 48
32 45
48 34
35 41
21 1
13 12
31 32
47 17
9 8
15 16
29 26
17 14
45 22
35 23
45 18
5 13
39 16
37 48
9 10
48 17
44 30
37 42
9 26
7 18
26 12
9 12
45 10
10 12
36 9
27 42
47 35
45 19
47 11
45 12
42 16
33 17
34 20
1 13
9 29
15 38
37 20
39 25
40 47
41 47
3 36
24 16
12 47
23 10
41 48
3 4
19 7
40 37
25 36
40 8
8 25
29 35
2 15
26 45
1 31
38 12
18 4
17 38
39 44
44 18
20 6
3 17
13 44
9 24
46 28
16 21
2 20
17 13
4 15
43 9
36 28
22 16
17 35

50 99

41 3
22 7
4 36
29 31
4 46
47 35
48 8
12 30
18 27
18 19
20 33
22 31
24 3
25 9
32 5
32 46
48 9
25 40
32 31
12 16
22 30
48 49
25 42
47 14
29 19
48 7
41 45
39 17
22 11
34 17
44 36
44 49
25 2
32 10
26 5
48 10
24 49
39 46
25 35
41 42
38 21
38 14
24 33
29 27
25 3
28 43
4 11
28 2
24 37
41 9
22 2
29 43
48 5
26 46
25 33
4 23
24 45
24 16
12 2
26 21
29 5
20 19
44 27
22 17
18 6
25 49
41 31
28 49
18 8
39 10
26 49
39 31
25 6
34 30
29 17
38 7
48 2
44 13
4 31
39 16
12 50
41 2
12 9
24 27
20 50
39 11
29 23
47 6
18 33
26 45
22 46
28 10
29 46
24 13
29 14
12 5
41 40
44 15
26 36

46 96

17 12
22 14
26 44
26 10
26 35
3 7
11 2
10 44
39 20
26 37
39 10
25 39
38 22
3 11
17 13
23 7
33 9
21 32
22 16
10 24
4 19
3 21
10 16
13 17
17 40
44 6
42 16
40 18
36 18
8 14
40 23
35 20
26 31
22 11
34 45
15 40
31 1
16 1
32 18
43 34
2 30
8 35
1 33
12 33
34 12
8 22
18 22
38 34
39 12
18 25
30 29
19 7
8 5
44 46
14 6
29 46
11 29
10 28
19 6
40 37
32 26
19 30
3 12
7 16
23 14
23 11
41 40
29 20
3 5
5 4
13 2
37 27
39 29
31 15
12 9
9 43
18 45
42 14
35 22
10 42
6 17
11 43
9 29
2 21
36 22
32 22
32 16
20 8
31 23
25 32
34 1
31 12
9 27
14 25
43 6
38 9

47 93

2 31
36 24
20 18
25 38
4 13
10 11
28 20
40 1
26 46
39 2
37 26
36 47
38 17
6 28
37 18
24 2
46 2
22 47
19 10
17 32
3 9
14 22
23 16
44 28
42 43
12 13
17 1
8 2
22 43
41 1
21 44
41 28
4 3
29 2
15 40
29 45
16 11
27 14
45 21
35 20
28 14
30 23
35 17
34 3
31 2
47 22
17 38
44 21
14 27
39 42
46 32
9 47
16 4
20 47
30 44
6 17
3 23
11 21
19 43
5 6
37 41
14 19
34 11
35 26
16 44
44 23
44 17
4 38
42 31
14 41
39 46
15 5
23 11
1 18
39 13
42 46
45 32
13 37
9 22
24 11
24 20
41 20
44 12
45 28
18 27
24 30
46 45
43 2
15 41
35 32
9 18
5 32
10 16

49 91

47 28
15 9
19 14
49 18
31 18
41 46
40 46
4 5
33 28
31 43
17 5
39 21
4 9
35 23
19 18
4 2
6 5
8 1
4 1
17 16
47 9
11 1
42 28
15 16
42 3
44 46
32 3
41 21
17 21
26 27
25 24
42 43
8 24
6 37
42 2
33 24
32 14
8 37
17 18
26 37
41 14
42 23
32 36
12 9
25 21
19 28
10 27
22 37
31 14
40 13
10 46
44 1
12 16
25 23
29 16
42 1
7 9
10 28
41 45
26 18
49 28
49 9
26 21
19 2
47 30
10 16
42 46
35 34
33 18
31 28
20 45
11 2
7 2
29 5
32 37
20 9
4 45
11 14
29 3
17 27
42 30
25 13
33 3
7 36
33 1
4 43
29 2
31 21
19 36
39 9
33 27

0 0

