28 78

11 22
17 12
25 12
23 2
2 1
24 22
9 26
12 2
13 11
7 8
17 4
10 12
13 28
25 22
13 16
21 27
11 13
28 14
12 25
23 19
2 8
5 11
28 24
28 26
13 21
24 20
23 24
4 25
3 25
3 15
20 15
21 4
4 12
12 16
10 18
11 21
10 21
15 16
6 20
11 15
20 16
27 15
6 7
4 22
10 25
2 10
7 1
9 8
23 6
22 28
11 17
22 5
3 27
3 10
8 15
8 4
8 10
6 27
13 4
16 7
12 21
5 17
17 16
10 15
3 13
16 10
18 21
27 4
8 22
24 25
4 28
16 13
24 2
25 20
8 5
24 15
8 25
23 5

30 77

26 12
18 10
8 7
14 13
4 10
2 16
8 21
21 19
30 21
14 29
9 8
30 14
23 29
21 23
19 3
12 5
7 1
5 12
7 24
2 12
26 27
29 28
5 23
15 29
4 22
19 25
25 26
26 7
21 2
11 14
16 14
27 12
20 17
26 5
13 1
8 14
28 26
15 10
23 17
23 5
2 7
3 18
6 2
27 23
23 22
15 4
23 27
13 29
8 6
29 12
27 15
18 4
24 9
30 28
20 25
9 4
19 6
29 25
30 23
3 8
3 2
11 17
9 14
11 9
20 11
3 1
5 26
12 17
16 17
25 14
2 27
20 7
17 10
23 24
23 2
27 22
8 29

30 78

27 7
13 28
16 7
27 20
27 15
8 17
5 9
13 22
8 3
24 4
29 9
27 23
5 26
21 19
8 30
13 23
21 22
21 11
5 14
2 22
13 12
16 10
24 26
8 28
2 26
5 15
27 1
16 4
13 9
16 14
5 23
8 22
2 18
27 25
21 25
2 7
16 28
16 18
24 1
5 3
27 12
24 11
5 7
24 20
8 1
29 26
27 11
27 19
24 19
29 12
5 10
21 23
13 17
29 25
16 26
29 14
29 1
29 3
5 22
8 11
16 6
13 7
5 12
27 6
21 3
24 9
21 28
2 23
2 17
29 6
21 12
27 28
27 10
29 23
21 1
13 25
16 20
5 11

28 79

25 2
10 5
19 8
9 16
2 12
14 26
9 21
19 21
28 12
10 18
16 13
26 2
7 12
23 15
6 12
7 19
11 17
22 5
21 26
25 12
21 8
13 4
28 7
7 3
9 17
12 11
5 27
26 25
17 28
11 23
24 6
23 12
12 4
10 8
22 17
22 1
21 3
15 23
8 15
12 20
22 26
3 4
17 1
10 26
18 3
8 22
25 7
13 9
9 28
18 22
26 8
1 27
7 4
4 28
7 18
6 14
11 21
1 11
26 5
4 1
6 1
25 23
18 10
2 16
15 1
9 3
16 8
10 17
8 14
23 26
24 1
17 24
19 18
4 2
27 2
3 27
5 23
18 12
24 15

29 80

18 22
16 12
2 10
2 28
18 20
23 24
16 15
18 29
2 12
19 7
19 5
19 1
23 15
2 7
4 15
18 26
4 27
18 15
18 11
25 22
25 15
16 27
25 20
4 14
18 13
6 1
16 26
2 22
25 3
23 14
6 21
23 9
23 28
2 26
6 5
4 17
2 24
23 13
19 11
2 11
25 8
2 20
25 5
2 21
19 9
18 1
16 20
23 8
4 12
16 17
6 29
4 10
19 13
6 8
2 8
19 28
6 14
19 14
16 9
16 21
25 9
18 27
23 29
4 20
2 17
25 17
25 27
19 21
18 28
4 1
6 15
2 3
18 3
4 13
25 7
6 11
23 11
6 24
6 10
19 8

28 73

14 17
26 19
6 27
11 19
6 12
3 2
8 20
21 12
11 28
25 18
25 19
22 27
16 28
22 20
26 2
25 1
14 5
16 1
21 15
16 18
22 1
14 20
23 10
26 5
16 20
11 24
23 27
23 13
26 15
3 1
14 13
23 7
23 1
16 7
11 18
11 1
14 15
21 17
6 5
21 10
6 18
21 20
4 7
4 10
14 18
16 15
21 5
25 24
21 7
14 12
8 18
3 24
21 24
4 12
8 7
22 15
22 5
3 19
25 5
23 24
21 2
4 17
23 18
22 7
21 27
22 17
22 19
8 2
16 12
6 24
16 2
4 18
11 5

30 79

27 28
8 19
23 17
1 2
22 6
22 19
9 7
26 7
14 8
24 27
10 11
28 22
26 21
16 15
22 16
11 20
2 20
25 6
27 6
1 18
23 22
25 16
10 25
4 1
6 11
27 11
17 19
21 7
20 22
4 7
9 2
24 25
8 20
9 6
26 23
6 9
1 3
17 10
14 21
13 1
6 23
18 27
3 20
15 4
12 5
26 11
23 28
7 18
14 20
6 21
27 19
8 2
23 4
4 12
12 7
3 6
24 6
7 16
30 13
24 21
13 27
13 26
25 23
27 14
24 11
5 10
24 18
27 18
14 10
29 26
10 13
6 8
12 3
7 27
25 5
14 26
12 29
21 29
25 13

30 76

23 26
12 15
23 7
14 28
21 22
27 7
17 6
24 26
9 22
29 5
19 28
13 2
3 5
9 1
10 5
27 15
29 1
3 16
21 28
29 15
10 7
10 28
27 18
13 8
12 18
9 18
17 7
3 7
27 22
14 1
17 8
11 15
3 26
13 6
30 18
21 1
14 18
3 6
9 8
13 25
24 16
30 26
20 6
11 2
3 28
12 5
20 7
9 5
10 22
4 26
12 2
29 2
30 1
9 2
19 15
29 26
23 15
14 22
10 18
17 15
3 18
11 1
19 5
3 8
19 25
30 8
24 22
12 28
23 22
20 15
17 25
10 8
23 1
12 25
27 28
19 22

28 77

26 21
26 12
23 27
16 28
18 21
25 16
9 19
5 26
2 27
10 5
6 15
24 19
27 13
12 11
27 21
16 27
27 16
23 2
15 26
1 27
16 10
23 7
18 3
22 14
25 1
1 10
25 4
25 7
14 3
15 12
20 12
19 9
1 6
20 23
6 26
18 1
27 11
13 14
3 10
5 13
8 23
25 23
4 19
19 20
11 23
21 20
9 18
2 28
15 24
9 26
11 2
27 23
14 19
6 3
9 25
4 9
17 22
10 16
17 27
17 12
28 23
24 10
27 25
28 14
10 26
11 16
27 22
16 6
4 13
15 10
6 9
16 3
12 8
12 27
2 1
28 24
8 7

29 74

9 13
12 25
11 23
6 13
22 6
27 4
11 19
4 27
4 15
11 9
10 15
28 6
9 11
9 22
22 19
5 21
13 28
14 29
23 2
18 9
8 23
11 28
7 11
27 7
13 21
3 4
4 6
22 11
23 19
9 12
10 29
7 16
12 14
8 25
5 12
18 16
2 15
15 4
26 10
29 28
13 10
28 13
17 3
26 27
3 27
4 2
15 27
13 18
18 25
5 3
4 24
12 23
12 8
13 26
9 4
28 29
13 22
10 26
6 5
10 13
5 25
18 11
18 28
29 25
10 22
20 2
18 1
10 12
1 6
8 10
16 22
16 18
14 3
7 29

0 0

